0.998203,0,-0.0599642,0,0,1,0,0,0.0599642,0,0.998203,0,5.12546,0,-14.438,1|
0.738473,0,0.674292,0,0,1,0,0,-0.674292,0,0.738473,0,11.0433,0,-10.4117,1|
0.949245,0,-0.31457,0,0,1,0,0,0.31457,0,0.949245,0,13.7298,0,-2.02115,1|
0.189643,0,0.981867,0,0,1,0,0,-0.981867,0,0.189643,0,14.6568,0,3.04455,1|
