-0.304304,0,0.952587,0,0,1,0,0,-0.952587,0,-0.304304,0,3.99314,0,-11.4185,1|
-0.920454,0,0.390891,0,0,1,0,0,-0.390891,0,-0.920454,0,8.74335,0,-8.01609,1|
-0.472741,0,-0.881223,0,0,1,0,0,0.881223,0,-0.472741,0,12.1555,0,-0.388447,1|
-0.943032,0,-0.332748,0,0,1,0,0,0.332748,0,-0.943032,0,12.6165,0,3.57838,1|
