-0.482769,0,-0.875768,0,0,1,0,0,0.875768,0,-0.482769,0,-3.60876,0,-11.0054,1|
-0.482769,0,-0.875768,0,0,1,0,0,0.875768,0,-0.482769,0,-1.97699,0,-8.04535,1|
0.0161955,0,-0.999888,0,0,1,0,0,0.999888,0,0.0161955,0,-1.97699,0,-8.04535,1|
0.0161955,0,-0.999888,0,0,1,0,0,0.999888,0,0.0161955,0,-2.06446,0,-2.64599,1|
-0.411239,0,-0.911549,0,0,1,0,0,0.911549,0,-0.411239,0,-0.854541,0,0.951962,1|
-0.989237,0,-0.146467,0,0,1,0,0,0.146467,0,-0.989237,0,3.69788,0,1.99742,1|
