0.0906748,0,-0.995911,0,0,1,0,0,0.995911,0,0.0906748,0,23.7822,0,-45.8069,1|
0.0906748,0,-0.995911,0,0,1,0,0,0.995911,0,0.0906748,0,23.7042,0,-44.9505,1|
-0.24664,0,-0.969139,0,0,1,0,0,0.969139,0,-0.24664,0,23.7983,0,-43.5508,1|
0.667484,0,-0.744667,0,0,1,0,0,0.744667,0,0.667484,0,23.6333,0,-42.269,1|
-0.168403,0,-0.985752,0,0,1,0,0,0.985752,0,-0.168403,0,23.0135,0,-40.9988,1|
0.189647,0,-0.981886,0,0,1,0,0,0.981886,0,0.189647,0,23.2423,0,-39.4077,1|
0.992843,0,-0.119716,0,0,1,0,0,0.119716,0,0.992843,0,24.8383,0,-39.2358,1|
