1,0,0,0,0,1,0,0,0,0,1,0,3,0,20,1|
-0.0491838,0,0.998791,0,0,1,0,0,-0.998791,0,-0.0491838,0,3,0,20,1|
0.0707375,0,0.997497,0,0,1,0,0,-0.997497,0,0.0707375,0,2.75281,0,11.6571,1|
-0.752858,0,-0.658189,0,0,1,0,0,0.658189,0,-0.752858,0,3.71646,0,12.4995,1|
