1,0,0,0,0,1,0,0,0,0,1,0,2.14,0,20,1|
0.682222,0,0.731147,0,0,1,0,0,-0.731147,0,0.682222,0,0.24044,0,18.7668,1|
0.305818,0,0.952093,0,0,1,0,0,-0.952093,0,0.305818,0,-0.73053,0,15.3178,1|
-0.379453,0,0.925216,0,0,1,0,0,-0.925216,0,-0.379453,0,-0.15258,0,12.5571,1|
0.471332,0,0.881964,0,0,1,0,0,-0.881964,0,0.471332,0,0.00508719,0,11.6816,1|
-0.965988,0,0.258622,0,0,1,0,0,-0.258622,0,-0.965988,0,0.13706,0,11.9285,1|
-0.878353,0,-0.478031,0,0,1,0,0,0.478031,0,-0.878353,0,0.13706,0,11.9285,1|
-0.249721,0,-0.968328,0,0,1,0,0,0.968328,0,-0.249721,0,0.88779,0,12.5556,1|
