0.5,-0.732825,-0.461485,0,0.866025,0.423096,0.266438,0,0,-0.532877,0.846193,0,0.5,0,0,1|0.223228,-0.803995,0.551146,0,0.866025,0.423096,0.266438,0,-0.447403,0.41783,0.790727,0,0.75,-0.366412,-0.230742,1|0.984808,0.151635,-0.0846191,0,-0.173648,0.859967,-0.479898,0,0,0.487302,0.873234,0,0.25,-0.5,0,1|0.995069,-0.021952,-0.0967273,0,0.0279662,0.99773,0.0612662,0,0.0951628,-0.0636692,0.993423,0,0.336824,-0.929984,0.239949,1|
0.5,-0.732825,-0.461485,0,0.866025,0.423096,0.266438,0,0,-0.532877,0.846193,0,0.5,0,0,1|0.223228,-0.803995,0.551146,0,0.866025,0.423096,0.266438,0,-0.447403,0.41783,0.790727,0,0.75,-0.366412,-0.230742,1|0.984808,0.151635,-0.0846191,0,-0.173648,0.859967,-0.479898,0,0,0.487302,0.873234,0,0.25,-0.5,0,1|0.995069,-0.021952,-0.0967273,0,0.0279662,0.99773,0.0612662,0,0.0951628,-0.0636692,0.993423,0,0.336824,-0.929984,0.239949,1|
0.5,-0.795967,-0.341229,0,0.866025,0.459551,0.197009,0,0,-0.394017,0.919103,0,0.5,0,0,1|0.273931,-0.765702,0.581947,0,0.866025,0.459551,0.197009,0,-0.418285,0.450014,0.789003,0,0.75,-0.397983,-0.170614,1|0.984808,0.161834,-0.0629555,0,-0.173648,0.917807,-0.357039,0,0,0.362546,0.931966,0,0.25,-0.5,0,1|0.995939,-0.0100901,-0.0894626,0,0.0230307,0.98919,0.144821,0,0.0870342,-0.146294,0.985405,0,0.336824,-0.958904,0.178519,1|
0.5,-0.857673,-0.11999,0,0.866025,0.495177,0.0692765,0,-9.31323e-10,-0.138553,0.990355,0,0.5,0,0,1|0.34943,-0.698495,0.624503,0,0.866025,0.495177,0.0692765,0,-0.357629,0.516628,0.777944,0,0.75,-0.428836,-0.0599952,1|0.984808,0.17029,-0.0339879,0,-0.173648,0.96576,-0.192755,0,0,0.195728,0.980658,0,0.25,-0.5,0,1|0.998203,-0.00156303,-0.0599066,0,0.0101926,0.989522,0.144019,0,0.0590538,-0.14437,0.98776,0,0.336824,-0.98288,0.0963775,1|
0.5,-0.82811,0.253445,0,0.866025,0.478109,-0.146326,0,0,0.292653,0.956219,0,0.5,0,0,1|0.468124,-0.672497,0.573242,0,0.866025,0.478109,-0.146326,0,-0.175669,0.564942,0.806214,0,0.75,-0.414055,0.126722,1|0.984808,0.166397,0.0496551,0,-0.173648,0.943686,0.281608,0,0,-0.285952,0.958244,0,0.25,-0.5,0,1|0.998671,0.0218016,-0.0467004,0,0.00753717,0.834601,0.550803,0,0.0509846,-0.550423,0.833327,0,0.336824,-0.971843,-0.140804,1|
